METAPOPULATION MODEL results; Date=8/2/2023 Time=23:01:31
===========================================================
B10




   22 populations (22 included in summation)
 1000 replications;  Duration = 100
===========================================================

Interval percent decline

Percent decline  Probability     95% confidence interval
       100       0.6030          0.5750   0.6310
        99       0.7690          0.7410   0.7970
        97       0.8670          0.8390   0.8950
        96       0.9140          0.8860   0.9420
        95       0.9430          0.9150   0.9710
        93       0.9630          0.9350   0.9910
        92       0.9770          0.9490   1.0000
        91       0.9850          0.9570   1.0000
        89       0.9880          0.9600   1.0000
        88       0.9930          0.9650   1.0000
        87       0.9960          0.9680   1.0000
        86       0.9970          0.9690   1.0000
        84       0.9980          0.9700   1.0000
        83       0.9990          0.9710   1.0000
        82       1.0000          0.9720   1.0000
         0       1.0000          0.9720   1.0000
