METAPOPULATION MODEL results; Date=8/2/2023 Time=23:01:31
===========================================================
B10




   22 populations (22 included in summation)
 1000 replications;  Duration = 100
===========================================================

Terminal explosion risk

 Threshold  Probability     95% confidence interval
         0       1.0000          0.9720   1.0000
         1       0.3970          0.3690   0.4250
         2       0.3720          0.3440   0.4000
         3       0.3560          0.3280   0.3840
         4       0.3120          0.2840   0.3400
         5       0.2760          0.2480   0.3040
         6       0.2280          0.2000   0.2560
         7       0.1860          0.1580   0.2140
         8       0.1470          0.1190   0.1750
         9       0.1110          0.0830   0.1390
        10       0.0830          0.0550   0.1110
        11       0.0690          0.0410   0.0970
        12       0.0540          0.0260   0.0820
        13       0.0490          0.0210   0.0770
        14       0.0360          0.0080   0.0640
        15       0.0280          0.0000   0.0560
        16       0.0150          0.0000   0.0430
        17       0.0130          0.0000   0.0410
        18       0.0090          0.0000   0.0370
        19       0.0060          0.0000   0.0340
        20       0.0050          0.0000   0.0330
        21       0.0050          0.0000   0.0330
        22       0.0030          0.0000   0.0310
        23       0.0020          0.0000   0.0300
        24       0.0010          0.0000   0.0290
        25       0.0010          0.0000   0.0290
        26       0.0010          0.0000   0.0290
        27       0.0010          0.0000   0.0290
