METAPOPULATION MODEL results; Date=8/2/2023 Time=23:01:31
===========================================================
B10




   22 populations (22 included in summation)
 1000 replications;  Duration = 100
===========================================================

Terminal extinction risk

 Threshold  Probability     95% confidence interval
         0       0.6030          0.5750   0.6310
         1       0.6280          0.6000   0.6560
         2       0.6440          0.6160   0.6720
         3       0.6880          0.6600   0.7160
         4       0.7240          0.6960   0.7520
         5       0.7720          0.7440   0.8000
         6       0.8140          0.7860   0.8420
         7       0.8530          0.8250   0.8810
         8       0.8890          0.8610   0.9170
         9       0.9170          0.8890   0.9450
        10       0.9310          0.9030   0.9590
        11       0.9460          0.9180   0.9740
        12       0.9510          0.9230   0.9790
        13       0.9640          0.9360   0.9920
        14       0.9720          0.9440   1.0000
        15       0.9850          0.9570   1.0000
        16       0.9870          0.9590   1.0000
        17       0.9910          0.9630   1.0000
        18       0.9940          0.9660   1.0000
        19       0.9950          0.9670   1.0000
        20       0.9950          0.9670   1.0000
        21       0.9970          0.9690   1.0000
        22       0.9980          0.9700   1.0000
        23       0.9990          0.9710   1.0000
        24       0.9990          0.9710   1.0000
        25       0.9990          0.9710   1.0000
        26       0.9990          0.9710   1.0000
        27       1.0000          0.9720   1.0000
