METAPOPULATION MODEL results; Date=8/2/2023 Time=21:30:00
===========================================================
B10




   16 populations (16 included in summation)
 1000 replications;  Duration = 100
===========================================================

Interval percent decline

Percent decline  Probability     95% confidence interval
        88       0.0010          0.0000   0.0290
        87       0.0020          0.0000   0.0300
        86       0.0040          0.0000   0.0320
        84       0.0060          0.0000   0.0340
        83       0.0080          0.0000   0.0360
        82       0.0130          0.0000   0.0410
        80       0.0170          0.0000   0.0450
        79       0.0180          0.0000   0.0460
        78       0.0250          0.0000   0.0530
        76       0.0320          0.0040   0.0600
        75       0.0450          0.0170   0.0730
        74       0.0520          0.0240   0.0800
        72       0.0690          0.0410   0.0970
        71       0.0790          0.0510   0.1070
        70       0.1000          0.0720   0.1280
        68       0.1230          0.0950   0.1510
        67       0.1460          0.1180   0.1740
        66       0.1770          0.1490   0.2050
        64       0.2020          0.1740   0.2300
        63       0.2420          0.2140   0.2700
        62       0.2890          0.2610   0.3170
        61       0.3320          0.3040   0.3600
        59       0.3680          0.3400   0.3960
        58       0.4220          0.3940   0.4500
        57       0.4830          0.4550   0.5110
        55       0.5450          0.5170   0.5730
        54       0.5920          0.5640   0.6200
        53       0.6410          0.6130   0.6690
        51       0.6890          0.6610   0.7170
        50       0.7360          0.7080   0.7640
        49       0.7760          0.7480   0.8040
        47       0.8140          0.7860   0.8420
        46       0.8400          0.8120   0.8680
        45       0.8880          0.8600   0.9160
        43       0.9150          0.8870   0.9430
        42       0.9360          0.9080   0.9640
        41       0.9560          0.9280   0.9840
        39       0.9630          0.9350   0.9910
        38       0.9780          0.9500   1.0000
        37       0.9870          0.9590   1.0000
        36       0.9930          0.9650   1.0000
        34       0.9940          0.9660   1.0000
        33       0.9980          0.9700   1.0000
        32       0.9990          0.9710   1.0000
        30       0.9990          0.9710   1.0000
        29       0.9990          0.9710   1.0000
        28       1.0000          0.9720   1.0000
         0       1.0000          0.9720   1.0000
