METAPOPULATION MODEL results; Date=8/2/2023 Time=17:04:39
===========================================================
B10




   16 populations (16 included in summation)
 1000 replications;  Duration = 100
===========================================================

Interval extinction risk

Expected minimum abundance = 61.4

 Threshold  Probability     95% confidence interval
        30       0.0010          0.0000   0.0290
        31       0.0010          0.0000   0.0290
        32       0.0020          0.0000   0.0300
        33       0.0030          0.0000   0.0310
        34       0.0060          0.0000   0.0340
        35       0.0070          0.0000   0.0350
        36       0.0080          0.0000   0.0360
        37       0.0110          0.0000   0.0390
        38       0.0140          0.0000   0.0420
        39       0.0150          0.0000   0.0430
        40       0.0200          0.0000   0.0480
        41       0.0240          0.0000   0.0520
        42       0.0310          0.0030   0.0590
        43       0.0380          0.0100   0.0660
        44       0.0440          0.0160   0.0720
        45       0.0580          0.0300   0.0860
        46       0.0700          0.0420   0.0980
        47       0.0870          0.0590   0.1150
        48       0.0950          0.0670   0.1230
        49       0.1120          0.0840   0.1400
        50       0.1290          0.1010   0.1570
        51       0.1580          0.1300   0.1860
        52       0.1840          0.1560   0.2120
        53       0.2170          0.1890   0.2450
        54       0.2440          0.2160   0.2720
        55       0.2660          0.2380   0.2940
        56       0.2950          0.2670   0.3230
        57       0.3320          0.3040   0.3600
        58       0.3670          0.3390   0.3950
        59       0.4080          0.3800   0.4360
        60       0.4460          0.4180   0.4740
        61       0.4960          0.4680   0.5240
        62       0.5410          0.5130   0.5690
        63       0.5810          0.5530   0.6090
        64       0.6180          0.5900   0.6460
        65       0.6630          0.6350   0.6910
        66       0.6880          0.6600   0.7160
        67       0.7280          0.7000   0.7560
        68       0.7620          0.7340   0.7900
        69       0.7970          0.7690   0.8250
        70       0.8260          0.7980   0.8540
        71       0.8490          0.8210   0.8770
        72       0.8790          0.8510   0.9070
        73       0.8970          0.8690   0.9250
        74       0.9090          0.8810   0.9370
        75       0.9260          0.8980   0.9540
        76       0.9450          0.9170   0.9730
        77       0.9580          0.9300   0.9860
        78       0.9660          0.9380   0.9940
        79       0.9720          0.9440   1.0000
        80       0.9760          0.9480   1.0000
        81       0.9810          0.9530   1.0000
        82       0.9840          0.9560   1.0000
        83       0.9890          0.9610   1.0000
        84       0.9950          0.9670   1.0000
        85       0.9970          0.9690   1.0000
        86       0.9980          0.9700   1.0000
        87       0.9980          0.9700   1.0000
        88       0.9980          0.9700   1.0000
        89       0.9980          0.9700   1.0000
        90       1.0000          0.9720   1.0000
