METAPOPULATION MODEL results; Date=8/3/2023 Time=02:38:17
===========================================================
B10




   19 populations (19 included in summation)
 1000 replications;  Duration = 100
===========================================================

Interval extinction risk

Expected minimum abundance = 12.1

 Threshold  Probability     95% confidence interval
         0       0.0170          0.0000   0.0450
         1       0.0270          0.0000   0.0550
         2       0.0420          0.0140   0.0700
         3       0.0670          0.0390   0.0950
         4       0.0910          0.0630   0.1190
         5       0.1370          0.1090   0.1650
         6       0.1740          0.1460   0.2020
         7       0.2160          0.1880   0.2440
         8       0.2590          0.2310   0.2870
         9       0.3010          0.2730   0.3290
        10       0.3520          0.3240   0.3800
        11       0.4080          0.3800   0.4360
        12       0.4910          0.4630   0.5190
        13       0.5620          0.5340   0.5900
        14       0.6500          0.6220   0.6780
        15       0.7210          0.6930   0.7490
        16       0.8000          0.7720   0.8280
        17       0.8650          0.8370   0.8930
        18       0.9040          0.8760   0.9320
        19       0.9380          0.9100   0.9660
        20       0.9620          0.9340   0.9900
        21       0.9770          0.9490   1.0000
        22       0.9860          0.9580   1.0000
        23       0.9940          0.9660   1.0000
        24       1.0000          0.9720   1.0000
