METAPOPULATION MODEL results; Date=8/2/2023 Time=21:30:00
===========================================================
B10




   16 populations (16 included in summation)
 1000 replications;  Duration = 100
===========================================================

Interval extinction risk

Expected minimum abundance = 33.5

 Threshold  Probability     95% confidence interval
         9       0.0010          0.0000   0.0290
        10       0.0020          0.0000   0.0300
        11       0.0040          0.0000   0.0320
        12       0.0060          0.0000   0.0340
        13       0.0080          0.0000   0.0360
        14       0.0130          0.0000   0.0410
        15       0.0170          0.0000   0.0450
        16       0.0180          0.0000   0.0460
        17       0.0250          0.0000   0.0530
        18       0.0320          0.0040   0.0600
        19       0.0450          0.0170   0.0730
        20       0.0520          0.0240   0.0800
        21       0.0690          0.0410   0.0970
        22       0.0790          0.0510   0.1070
        23       0.1000          0.0720   0.1280
        24       0.1230          0.0950   0.1510
        25       0.1460          0.1180   0.1740
        26       0.1770          0.1490   0.2050
        27       0.2020          0.1740   0.2300
        28       0.2420          0.2140   0.2700
        29       0.2890          0.2610   0.3170
        30       0.3320          0.3040   0.3600
        31       0.3680          0.3400   0.3960
        32       0.4220          0.3940   0.4500
        33       0.4830          0.4550   0.5110
        34       0.5450          0.5170   0.5730
        35       0.5920          0.5640   0.6200
        36       0.6410          0.6130   0.6690
        37       0.6890          0.6610   0.7170
        38       0.7360          0.7080   0.7640
        39       0.7760          0.7480   0.8040
        40       0.8140          0.7860   0.8420
        41       0.8400          0.8120   0.8680
        42       0.8880          0.8600   0.9160
        43       0.9150          0.8870   0.9430
        44       0.9360          0.9080   0.9640
        45       0.9560          0.9280   0.9840
        46       0.9630          0.9350   0.9910
        47       0.9780          0.9500   1.0000
        48       0.9870          0.9590   1.0000
        49       0.9930          0.9650   1.0000
        50       0.9940          0.9660   1.0000
        51       0.9980          0.9700   1.0000
        52       0.9990          0.9710   1.0000
        53       0.9990          0.9710   1.0000
        54       0.9990          0.9710   1.0000
        55       1.0000          0.9720   1.0000
