METAPOPULATION MODEL results; Date=8/5/2023 Time=01:24:06
===========================================================
B20




   52 populations (52 included in summation)
 1000 replications;  Duration = 100
===========================================================

Terminal extinction risk

 Threshold  Probability     95% confidence interval
        95       0.0010          0.0000   0.0290
        96       0.0010          0.0000   0.0290
        97       0.0010          0.0000   0.0290
        98       0.0010          0.0000   0.0290
        99       0.0010          0.0000   0.0290
       100       0.0020          0.0000   0.0300
       101       0.0030          0.0000   0.0310
       102       0.0040          0.0000   0.0320
       103       0.0040          0.0000   0.0320
       104       0.0040          0.0000   0.0320
       105       0.0060          0.0000   0.0340
       106       0.0060          0.0000   0.0340
       107       0.0070          0.0000   0.0350
       108       0.0070          0.0000   0.0350
       109       0.0070          0.0000   0.0350
       110       0.0080          0.0000   0.0360
       111       0.0090          0.0000   0.0370
       112       0.0120          0.0000   0.0400
       113       0.0130          0.0000   0.0410
       114       0.0170          0.0000   0.0450
       115       0.0190          0.0000   0.0470
       116       0.0210          0.0000   0.0490
       117       0.0240          0.0000   0.0520
       118       0.0250          0.0000   0.0530
       119       0.0280          0.0000   0.0560
       120       0.0290          0.0010   0.0570
       121       0.0320          0.0040   0.0600
       122       0.0370          0.0090   0.0650
       123       0.0410          0.0130   0.0690
       124       0.0430          0.0150   0.0710
       125       0.0510          0.0230   0.0790
       126       0.0580          0.0300   0.0860
       127       0.0680          0.0400   0.0960
       128       0.0710          0.0430   0.0990
       129       0.0780          0.0500   0.1060
       130       0.0840          0.0560   0.1120
       131       0.0890          0.0610   0.1170
       132       0.0950          0.0670   0.1230
       133       0.1000          0.0720   0.1280
       134       0.1050          0.0770   0.1330
       135       0.1080          0.0800   0.1360
       136       0.1260          0.0980   0.1540
       137       0.1330          0.1050   0.1610
       138       0.1420          0.1140   0.1700
       139       0.1520          0.1240   0.1800
       140       0.1580          0.1300   0.1860
       141       0.1720          0.1440   0.2000
       142       0.1850          0.1570   0.2130
       143       0.1880          0.1600   0.2160
       144       0.2000          0.1720   0.2280
       145       0.2120          0.1840   0.2400
       146       0.2290          0.2010   0.2570
       147       0.2460          0.2180   0.2740
       148       0.2630          0.2350   0.2910
       149       0.2770          0.2490   0.3050
       150       0.2920          0.2640   0.3200
       151       0.3050          0.2770   0.3330
       152       0.3220          0.2940   0.3500
       153       0.3470          0.3190   0.3750
       154       0.3640          0.3360   0.3920
       155       0.3760          0.3480   0.4040
       156       0.3940          0.3660   0.4220
       157       0.4070          0.3790   0.4350
       158       0.4220          0.3940   0.4500
       159       0.4450          0.4170   0.4730
       160       0.4590          0.4310   0.4870
       161       0.4800          0.4520   0.5080
       162       0.4950          0.4670   0.5230
       163       0.5110          0.4830   0.5390
       164       0.5370          0.5090   0.5650
       165       0.5520          0.5240   0.5800
       166       0.5730          0.5450   0.6010
       167       0.5980          0.5700   0.6260
       168       0.6170          0.5890   0.6450
       169       0.6350          0.6070   0.6630
       170       0.6490          0.6210   0.6770
       171       0.6620          0.6340   0.6900
       172       0.6870          0.6590   0.7150
       173       0.6960          0.6680   0.7240
       174       0.7040          0.6760   0.7320
       175       0.7090          0.6810   0.7370
       176       0.7160          0.6880   0.7440
       177       0.7290          0.7010   0.7570
       178       0.7440          0.7160   0.7720
       179       0.7570          0.7290   0.7850
       180       0.7670          0.7390   0.7950
       181       0.7800          0.7520   0.8080
       182       0.7930          0.7650   0.8210
       183       0.7990          0.7710   0.8270
       184       0.8050          0.7770   0.8330
       185       0.8180          0.7900   0.8460
       186       0.8270          0.7990   0.8550
       187       0.8400          0.8120   0.8680
       188       0.8560          0.8280   0.8840
       189       0.8680          0.8400   0.8960
       190       0.8810          0.8530   0.9090
       191       0.8880          0.8600   0.9160
       192       0.8960          0.8680   0.9240
       193       0.9030          0.8750   0.9310
       194       0.9080          0.8800   0.9360
       195       0.9170          0.8890   0.9450
       196       0.9230          0.8950   0.9510
       197       0.9310          0.9030   0.9590
       198       0.9340          0.9060   0.9620
       199       0.9380          0.9100   0.9660
       200       0.9450          0.9170   0.9730
       201       0.9500          0.9220   0.9780
       202       0.9540          0.9260   0.9820
       203       0.9580          0.9300   0.9860
       204       0.9600          0.9320   0.9880
       205       0.9630          0.9350   0.9910
       206       0.9690          0.9410   0.9970
       207       0.9710          0.9430   0.9990
       208       0.9720          0.9440   1.0000
       209       0.9730          0.9450   1.0000
       210       0.9750          0.9470   1.0000
       211       0.9800          0.9520   1.0000
       212       0.9820          0.9540   1.0000
       213       0.9850          0.9570   1.0000
       214       0.9870          0.9590   1.0000
       215       0.9880          0.9600   1.0000
       216       0.9880          0.9600   1.0000
       217       0.9910          0.9630   1.0000
       218       0.9920          0.9640   1.0000
       219       0.9930          0.9650   1.0000
       220       0.9930          0.9650   1.0000
       221       0.9930          0.9650   1.0000
       222       0.9930          0.9650   1.0000
       223       0.9930          0.9650   1.0000
       224       0.9940          0.9660   1.0000
       225       0.9950          0.9670   1.0000
       226       0.9950          0.9670   1.0000
       227       0.9950          0.9670   1.0000
       228       0.9950          0.9670   1.0000
       229       0.9950          0.9670   1.0000
       230       0.9950          0.9670   1.0000
       231       0.9950          0.9670   1.0000
       232       0.9960          0.9680   1.0000
       233       0.9960          0.9680   1.0000
       234       0.9970          0.9690   1.0000
       235       0.9970          0.9690   1.0000
       236       0.9970          0.9690   1.0000
       237       0.9970          0.9690   1.0000
       238       0.9970          0.9690   1.0000
       239       0.9980          0.9700   1.0000
       240       0.9990          0.9710   1.0000
       241       0.9990          0.9710   1.0000
       242       0.9990          0.9710   1.0000
       243       0.9990          0.9710   1.0000
       244       0.9990          0.9710   1.0000
       245       0.9990          0.9710   1.0000
       246       0.9990          0.9710   1.0000
       247       0.9990          0.9710   1.0000
       248       0.9990          0.9710   1.0000
       249       0.9990          0.9710   1.0000
       250       0.9990          0.9710   1.0000
       251       0.9990          0.9710   1.0000
       252       0.9990          0.9710   1.0000
       253       0.9990          0.9710   1.0000
       254       0.9990          0.9710   1.0000
       255       0.9990          0.9710   1.0000
       256       0.9990          0.9710   1.0000
       257       0.9990          0.9710   1.0000
       258       0.9990          0.9710   1.0000
       259       0.9990          0.9710   1.0000
       260       0.9990          0.9710   1.0000
       261       0.9990          0.9710   1.0000
       262       0.9990          0.9710   1.0000
       263       0.9990          0.9710   1.0000
       264       0.9990          0.9710   1.0000
       265       1.0000          0.9720   1.0000
