METAPOPULATION MODEL results; Date=8/3/2023 Time=02:38:17
===========================================================
B10




   19 populations (19 included in summation)
 1000 replications;  Duration = 100
===========================================================

Interval percent decline

Percent decline  Probability     95% confidence interval
       100       0.0170          0.0000   0.0450
        99       0.0270          0.0000   0.0550
        97       0.0420          0.0140   0.0700
        96       0.0670          0.0390   0.0950
        95       0.0910          0.0630   0.1190
        93       0.1370          0.1090   0.1650
        92       0.1740          0.1460   0.2020
        91       0.2160          0.1880   0.2440
        89       0.2590          0.2310   0.2870
        88       0.3010          0.2730   0.3290
        87       0.3520          0.3240   0.3800
        86       0.4080          0.3800   0.4360
        84       0.4910          0.4630   0.5190
        83       0.5620          0.5340   0.5900
        82       0.6500          0.6220   0.6780
        80       0.7210          0.6930   0.7490
        79       0.8000          0.7720   0.8280
        78       0.8650          0.8370   0.8930
        76       0.9040          0.8760   0.9320
        75       0.9380          0.9100   0.9660
        74       0.9620          0.9340   0.9900
        72       0.9770          0.9490   1.0000
        71       0.9860          0.9580   1.0000
        70       0.9940          0.9660   1.0000
        68       1.0000          0.9720   1.0000
         0       1.0000          0.9720   1.0000
