METAPOPULATION MODEL results; Date=8/3/2023 Time=02:38:17
===========================================================
B10




   19 populations (19 included in summation)
 1000 replications;  Duration = 100
===========================================================

Terminal explosion risk

 Threshold  Probability     95% confidence interval
         0       1.0000          0.9720   1.0000
         1       0.9830          0.9550   1.0000
         2       0.9820          0.9540   1.0000
         3       0.9820          0.9540   1.0000
         4       0.9800          0.9520   1.0000
         5       0.9740          0.9460   1.0000
         6       0.9700          0.9420   0.9980
         7       0.9660          0.9380   0.9940
         8       0.9610          0.9330   0.9890
         9       0.9490          0.9210   0.9770
        10       0.9400          0.9120   0.9680
        11       0.9220          0.8940   0.9500
        12       0.9030          0.8750   0.9310
        13       0.8790          0.8510   0.9070
        14       0.8540          0.8260   0.8820
        15       0.8150          0.7870   0.8430
        16       0.7810          0.7530   0.8090
        17       0.7410          0.7130   0.7690
        18       0.7110          0.6830   0.7390
        19       0.6800          0.6520   0.7080
        20       0.6490          0.6210   0.6770
        21       0.6000          0.5720   0.6280
        22       0.5610          0.5330   0.5890
        23       0.5240          0.4960   0.5520
        24       0.4900          0.4620   0.5180
        25       0.4570          0.4290   0.4850
        26       0.4160          0.3880   0.4440
        27       0.3620          0.3340   0.3900
        28       0.3190          0.2910   0.3470
        29       0.2820          0.2540   0.3100
        30       0.2410          0.2130   0.2690
        31       0.2230          0.1950   0.2510
        32       0.1850          0.1570   0.2130
        33       0.1540          0.1260   0.1820
        34       0.1290          0.1010   0.1570
        35       0.1110          0.0830   0.1390
        36       0.0830          0.0550   0.1110
        37       0.0660          0.0380   0.0940
        38       0.0530          0.0250   0.0810
        39       0.0390          0.0110   0.0670
        40       0.0320          0.0040   0.0600
        41       0.0220          0.0000   0.0500
        42       0.0170          0.0000   0.0450
        43       0.0110          0.0000   0.0390
        44       0.0080          0.0000   0.0360
        45       0.0070          0.0000   0.0350
        46       0.0040          0.0000   0.0320
        47       0.0040          0.0000   0.0320
        48       0.0040          0.0000   0.0320
        49       0.0030          0.0000   0.0310
        50       0.0010          0.0000   0.0290
        51       0.0010          0.0000   0.0290
