METAPOPULATION MODEL results; Date=8/3/2023 Time=02:38:17
===========================================================
B10




   19 populations (19 included in summation)
 1000 replications;  Duration = 100
===========================================================

Terminal extinction risk

 Threshold  Probability     95% confidence interval
         0       0.0170          0.0000   0.0450
         1       0.0180          0.0000   0.0460
         2       0.0180          0.0000   0.0460
         3       0.0200          0.0000   0.0480
         4       0.0260          0.0000   0.0540
         5       0.0300          0.0020   0.0580
         6       0.0340          0.0060   0.0620
         7       0.0390          0.0110   0.0670
         8       0.0510          0.0230   0.0790
         9       0.0600          0.0320   0.0880
        10       0.0780          0.0500   0.1060
        11       0.0970          0.0690   0.1250
        12       0.1210          0.0930   0.1490
        13       0.1460          0.1180   0.1740
        14       0.1850          0.1570   0.2130
        15       0.2190          0.1910   0.2470
        16       0.2590          0.2310   0.2870
        17       0.2890          0.2610   0.3170
        18       0.3200          0.2920   0.3480
        19       0.3510          0.3230   0.3790
        20       0.4000          0.3720   0.4280
        21       0.4390          0.4110   0.4670
        22       0.4760          0.4480   0.5040
        23       0.5100          0.4820   0.5380
        24       0.5430          0.5150   0.5710
        25       0.5840          0.5560   0.6120
        26       0.6380          0.6100   0.6660
        27       0.6810          0.6530   0.7090
        28       0.7180          0.6900   0.7460
        29       0.7590          0.7310   0.7870
        30       0.7770          0.7490   0.8050
        31       0.8150          0.7870   0.8430
        32       0.8460          0.8180   0.8740
        33       0.8710          0.8430   0.8990
        34       0.8890          0.8610   0.9170
        35       0.9170          0.8890   0.9450
        36       0.9340          0.9060   0.9620
        37       0.9470          0.9190   0.9750
        38       0.9610          0.9330   0.9890
        39       0.9680          0.9400   0.9960
        40       0.9780          0.9500   1.0000
        41       0.9830          0.9550   1.0000
        42       0.9890          0.9610   1.0000
        43       0.9920          0.9640   1.0000
        44       0.9930          0.9650   1.0000
        45       0.9960          0.9680   1.0000
        46       0.9960          0.9680   1.0000
        47       0.9960          0.9680   1.0000
        48       0.9970          0.9690   1.0000
        49       0.9990          0.9710   1.0000
        50       0.9990          0.9710   1.0000
        51       1.0000          0.9720   1.0000
