METAPOPULATION MODEL results; Date=8/6/2023 Time=09:37:55
===========================================================
B20




   54 populations (54 included in summation)
 1000 replications;  Duration = 100
===========================================================

Interval explosion risk

 Threshold  Probability     95% confidence interval
       408       1.0000          0.9720   1.0000
       409       0.9990          0.9710   1.0000
       410       0.9990          0.9710   1.0000
       411       0.9980          0.9700   1.0000
       412       0.9980          0.9700   1.0000
       413       0.9980          0.9700   1.0000
       414       0.9980          0.9700   1.0000
       415       0.9980          0.9700   1.0000
       416       0.9980          0.9700   1.0000
       417       0.9980          0.9700   1.0000
       418       0.9980          0.9700   1.0000
       419       0.9980          0.9700   1.0000
       420       0.9980          0.9700   1.0000
       421       0.9980          0.9700   1.0000
       422       0.9980          0.9700   1.0000
       423       0.9980          0.9700   1.0000
       424       0.9980          0.9700   1.0000
       425       0.9970          0.9690   1.0000
       426       0.9970          0.9690   1.0000
       427       0.9970          0.9690   1.0000
       428       0.9960          0.9680   1.0000
       429       0.9960          0.9680   1.0000
       430       0.9960          0.9680   1.0000
       431       0.9960          0.9680   1.0000
       432       0.9950          0.9670   1.0000
       433       0.9950          0.9670   1.0000
       434       0.9930          0.9650   1.0000
       435       0.9930          0.9650   1.0000
       436       0.9910          0.9630   1.0000
       437       0.9910          0.9630   1.0000
       438       0.9900          0.9620   1.0000
       439       0.9880          0.9600   1.0000
       440       0.9880          0.9600   1.0000
       441       0.9880          0.9600   1.0000
       442       0.9850          0.9570   1.0000
       443       0.9830          0.9550   1.0000
       444       0.9820          0.9540   1.0000
       445       0.9800          0.9520   1.0000
       446       0.9780          0.9500   1.0000
       447       0.9760          0.9480   1.0000
       448       0.9730          0.9450   1.0000
       449       0.9700          0.9420   0.9980
       450       0.9690          0.9410   0.9970
       451       0.9670          0.9390   0.9950
       452       0.9640          0.9360   0.9920
       453       0.9630          0.9350   0.9910
       454       0.9610          0.9330   0.9890
       455       0.9550          0.9270   0.9830
       456       0.9490          0.9210   0.9770
       457       0.9450          0.9170   0.9730
       458       0.9430          0.9150   0.9710
       459       0.9350          0.9070   0.9630
       460       0.9310          0.9030   0.9590
       461       0.9240          0.8960   0.9520
       462       0.9200          0.8920   0.9480
       463       0.9180          0.8900   0.9460
       464       0.9130          0.8850   0.9410
       465       0.9060          0.8780   0.9340
       466       0.8970          0.8690   0.9250
       467       0.8900          0.8620   0.9180
       468       0.8880          0.8600   0.9160
       469       0.8830          0.8550   0.9110
       470       0.8770          0.8490   0.9050
       471       0.8690          0.8410   0.8970
       472       0.8580          0.8300   0.8860
       473       0.8510          0.8230   0.8790
       474       0.8420          0.8140   0.8700
       475       0.8310          0.8030   0.8590
       476       0.8190          0.7910   0.8470
       477       0.8070          0.7790   0.8350
       478       0.7950          0.7670   0.8230
       479       0.7860          0.7580   0.8140
       480       0.7800          0.7520   0.8080
       481       0.7720          0.7440   0.8000
       482       0.7630          0.7350   0.7910
       483       0.7480          0.7200   0.7760
       484       0.7410          0.7130   0.7690
       485       0.7250          0.6970   0.7530
       486       0.7110          0.6830   0.7390
       487       0.7050          0.6770   0.7330
       488       0.6890          0.6610   0.7170
       489       0.6740          0.6460   0.7020
       490       0.6650          0.6370   0.6930
       491       0.6530          0.6250   0.6810
       492       0.6300          0.6020   0.6580
       493       0.6180          0.5900   0.6460
       494       0.6040          0.5760   0.6320
       495       0.5910          0.5630   0.6190
       496       0.5720          0.5440   0.6000
       497       0.5600          0.5320   0.5880
       498       0.5520          0.5240   0.5800
       499       0.5360          0.5080   0.5640
       500       0.5270          0.4990   0.5550
       501       0.5170          0.4890   0.5450
       502       0.4930          0.4650   0.5210
       503       0.4730          0.4450   0.5010
       504       0.4590          0.4310   0.4870
       505       0.4400          0.4120   0.4680
       506       0.4220          0.3940   0.4500
       507       0.4050          0.3770   0.4330
       508       0.3850          0.3570   0.4130
       509       0.3690          0.3410   0.3970
       510       0.3530          0.3250   0.3810
       511       0.3390          0.3110   0.3670
       512       0.3310          0.3030   0.3590
       513       0.3110          0.2830   0.3390
       514       0.3020          0.2740   0.3300
       515       0.2860          0.2580   0.3140
       516       0.2750          0.2470   0.3030
       517       0.2620          0.2340   0.2900
       518       0.2530          0.2250   0.2810
       519       0.2460          0.2180   0.2740
       520       0.2330          0.2050   0.2610
       521       0.2190          0.1910   0.2470
       522       0.2070          0.1790   0.2350
       523       0.1990          0.1710   0.2270
       524       0.1910          0.1630   0.2190
       525       0.1800          0.1520   0.2080
       526       0.1680          0.1400   0.1960
       527       0.1590          0.1310   0.1870
       528       0.1540          0.1260   0.1820
       529       0.1430          0.1150   0.1710
       530       0.1340          0.1060   0.1620
       531       0.1250          0.0970   0.1530
       532       0.1180          0.0900   0.1460
       533       0.1150          0.0870   0.1430
       534       0.1110          0.0830   0.1390
       535       0.1070          0.0790   0.1350
       536       0.0970          0.0690   0.1250
       537       0.0910          0.0630   0.1190
       538       0.0870          0.0590   0.1150
       539       0.0750          0.0470   0.1030
       540       0.0740          0.0460   0.1020
       541       0.0690          0.0410   0.0970
       542       0.0650          0.0370   0.0930
       543       0.0620          0.0340   0.0900
       544       0.0580          0.0300   0.0860
       545       0.0540          0.0260   0.0820
       546       0.0530          0.0250   0.0810
       547       0.0460          0.0180   0.0740
       548       0.0450          0.0170   0.0730
       549       0.0430          0.0150   0.0710
       550       0.0410          0.0130   0.0690
       551       0.0370          0.0090   0.0650
       552       0.0340          0.0060   0.0620
       553       0.0330          0.0050   0.0610
       554       0.0310          0.0030   0.0590
       555       0.0260          0.0000   0.0540
       556       0.0240          0.0000   0.0520
       557       0.0210          0.0000   0.0490
       558       0.0200          0.0000   0.0480
       559       0.0200          0.0000   0.0480
       560       0.0180          0.0000   0.0460
       561       0.0170          0.0000   0.0450
       562       0.0160          0.0000   0.0440
       563       0.0160          0.0000   0.0440
       564       0.0120          0.0000   0.0400
       565       0.0100          0.0000   0.0380
       566       0.0100          0.0000   0.0380
       567       0.0090          0.0000   0.0370
       568       0.0060          0.0000   0.0340
       569       0.0050          0.0000   0.0330
       570       0.0050          0.0000   0.0330
       571       0.0050          0.0000   0.0330
       572       0.0040          0.0000   0.0320
       573       0.0040          0.0000   0.0320
       574       0.0030          0.0000   0.0310
       575       0.0030          0.0000   0.0310
       576       0.0030          0.0000   0.0310
       577       0.0030          0.0000   0.0310
       578       0.0030          0.0000   0.0310
       579       0.0030          0.0000   0.0310
       580       0.0030          0.0000   0.0310
       581       0.0030          0.0000   0.0310
       582       0.0030          0.0000   0.0310
       583       0.0030          0.0000   0.0310
       584       0.0020          0.0000   0.0300
       585       0.0020          0.0000   0.0300
       586       0.0020          0.0000   0.0300
       587       0.0010          0.0000   0.0290
       588       0.0010          0.0000   0.0290
       589       0.0010          0.0000   0.0290
       590       0.0010          0.0000   0.0290
       591       0.0010          0.0000   0.0290
       592       0.0010          0.0000   0.0290
       593       0.0010          0.0000   0.0290
       594       0.0010          0.0000   0.0290
       595       0.0010          0.0000   0.0290
       596       0.0010          0.0000   0.0290
