METAPOPULATION MODEL results; Date=8/5/2023 Time=13:25:02
===========================================================
B20




   35 populations (35 included in summation)
 1000 replications;  Duration = 100
===========================================================

Terminal explosion risk

 Threshold  Probability     95% confidence interval
       332       1.0000          0.9720   1.0000
       333       0.9990          0.9710   1.0000
       334       0.9990          0.9710   1.0000
       335       0.9990          0.9710   1.0000
       336       0.9990          0.9710   1.0000
       337       0.9990          0.9710   1.0000
       338       0.9990          0.9710   1.0000
       339       0.9990          0.9710   1.0000
       340       0.9990          0.9710   1.0000
       341       0.9990          0.9710   1.0000
       342       0.9990          0.9710   1.0000
       343       0.9990          0.9710   1.0000
       344       0.9990          0.9710   1.0000
       345       0.9990          0.9710   1.0000
       346       0.9990          0.9710   1.0000
       347       0.9990          0.9710   1.0000
       348       0.9990          0.9710   1.0000
       349       0.9990          0.9710   1.0000
       350       0.9990          0.9710   1.0000
       351       0.9990          0.9710   1.0000
       352       0.9990          0.9710   1.0000
       353       0.9990          0.9710   1.0000
       354       0.9990          0.9710   1.0000
       355       0.9990          0.9710   1.0000
       356       0.9970          0.9690   1.0000
       357       0.9950          0.9670   1.0000
       358       0.9950          0.9670   1.0000
       359       0.9940          0.9660   1.0000
       360       0.9930          0.9650   1.0000
       361       0.9920          0.9640   1.0000
       362       0.9910          0.9630   1.0000
       363       0.9910          0.9630   1.0000
       364       0.9910          0.9630   1.0000
       365       0.9900          0.9620   1.0000
       366       0.9890          0.9610   1.0000
       367       0.9890          0.9610   1.0000
       368       0.9890          0.9610   1.0000
       369       0.9890          0.9610   1.0000
       370       0.9890          0.9610   1.0000
       371       0.9870          0.9590   1.0000
       372       0.9840          0.9560   1.0000
       373       0.9840          0.9560   1.0000
       374       0.9800          0.9520   1.0000
       375       0.9780          0.9500   1.0000
       376       0.9770          0.9490   1.0000
       377       0.9750          0.9470   1.0000
       378       0.9730          0.9450   1.0000
       379       0.9700          0.9420   0.9980
       380       0.9660          0.9380   0.9940
       381       0.9630          0.9350   0.9910
       382       0.9600          0.9320   0.9880
       383       0.9570          0.9290   0.9850
       384       0.9540          0.9260   0.9820
       385       0.9500          0.9220   0.9780
       386       0.9440          0.9160   0.9720
       387       0.9380          0.9100   0.9660
       388       0.9260          0.8980   0.9540
       389       0.9210          0.8930   0.9490
       390       0.9160          0.8880   0.9440
       391       0.9110          0.8830   0.9390
       392       0.9070          0.8790   0.9350
       393       0.9000          0.8720   0.9280
       394       0.8960          0.8680   0.9240
       395       0.8900          0.8620   0.9180
       396       0.8860          0.8580   0.9140
       397       0.8800          0.8520   0.9080
       398       0.8730          0.8450   0.9010
       399       0.8660          0.8380   0.8940
       400       0.8610          0.8330   0.8890
       401       0.8520          0.8240   0.8800
       402       0.8420          0.8140   0.8700
       403       0.8300          0.8020   0.8580
       404       0.8200          0.7920   0.8480
       405       0.8060          0.7780   0.8340
       406       0.7990          0.7710   0.8270
       407       0.7940          0.7660   0.8220
       408       0.7870          0.7590   0.8150
       409       0.7770          0.7490   0.8050
       410       0.7670          0.7390   0.7950
       411       0.7600          0.7320   0.7880
       412       0.7490          0.7210   0.7770
       413       0.7420          0.7140   0.7700
       414       0.7310          0.7030   0.7590
       415       0.7200          0.6920   0.7480
       416       0.7110          0.6830   0.7390
       417       0.7020          0.6740   0.7300
       418       0.6930          0.6650   0.7210
       419       0.6750          0.6470   0.7030
       420       0.6640          0.6360   0.6920
       421       0.6530          0.6250   0.6810
       422       0.6340          0.6060   0.6620
       423       0.6260          0.5980   0.6540
       424       0.6160          0.5880   0.6440
       425       0.5990          0.5710   0.6270
       426       0.5840          0.5560   0.6120
       427       0.5670          0.5390   0.5950
       428       0.5550          0.5270   0.5830
       429       0.5440          0.5160   0.5720
       430       0.5310          0.5030   0.5590
       431       0.5190          0.4910   0.5470
       432       0.5040          0.4760   0.5320
       433       0.4910          0.4630   0.5190
       434       0.4750          0.4470   0.5030
       435       0.4580          0.4300   0.4860
       436       0.4470          0.4190   0.4750
       437       0.4310          0.4030   0.4590
       438       0.4170          0.3890   0.4450
       439       0.3990          0.3710   0.4270
       440       0.3850          0.3570   0.4130
       441       0.3730          0.3450   0.4010
       442       0.3650          0.3370   0.3930
       443       0.3540          0.3260   0.3820
       444       0.3450          0.3170   0.3730
       445       0.3330          0.3050   0.3610
       446       0.3210          0.2930   0.3490
       447       0.3120          0.2840   0.3400
       448       0.3040          0.2760   0.3320
       449       0.2890          0.2610   0.3170
       450       0.2790          0.2510   0.3070
       451       0.2620          0.2340   0.2900
       452       0.2550          0.2270   0.2830
       453       0.2490          0.2210   0.2770
       454       0.2430          0.2150   0.2710
       455       0.2360          0.2080   0.2640
       456       0.2280          0.2000   0.2560
       457       0.2180          0.1900   0.2460
       458       0.2120          0.1840   0.2400
       459       0.2030          0.1750   0.2310
       460       0.1970          0.1690   0.2250
       461       0.1850          0.1570   0.2130
       462       0.1780          0.1500   0.2060
       463       0.1660          0.1380   0.1940
       464       0.1610          0.1330   0.1890
       465       0.1510          0.1230   0.1790
       466       0.1460          0.1180   0.1740
       467       0.1390          0.1110   0.1670
       468       0.1340          0.1060   0.1620
       469       0.1280          0.1000   0.1560
       470       0.1180          0.0900   0.1460
       471       0.1120          0.0840   0.1400
       472       0.1080          0.0800   0.1360
       473       0.0990          0.0710   0.1270
       474       0.0930          0.0650   0.1210
       475       0.0860          0.0580   0.1140
       476       0.0810          0.0530   0.1090
       477       0.0750          0.0470   0.1030
       478       0.0700          0.0420   0.0980
       479       0.0660          0.0380   0.0940
       480       0.0650          0.0370   0.0930
       481       0.0600          0.0320   0.0880
       482       0.0510          0.0230   0.0790
       483       0.0480          0.0200   0.0760
       484       0.0450          0.0170   0.0730
       485       0.0400          0.0120   0.0680
       486       0.0350          0.0070   0.0630
       487       0.0350          0.0070   0.0630
       488       0.0290          0.0010   0.0570
       489       0.0290          0.0010   0.0570
       490       0.0270          0.0000   0.0550
       491       0.0230          0.0000   0.0510
       492       0.0210          0.0000   0.0490
       493       0.0200          0.0000   0.0480
       494       0.0200          0.0000   0.0480
       495       0.0180          0.0000   0.0460
       496       0.0150          0.0000   0.0430
       497       0.0140          0.0000   0.0420
       498       0.0130          0.0000   0.0410
       499       0.0120          0.0000   0.0400
       500       0.0110          0.0000   0.0390
       501       0.0090          0.0000   0.0370
       502       0.0090          0.0000   0.0370
       503       0.0090          0.0000   0.0370
       504       0.0080          0.0000   0.0360
       505       0.0070          0.0000   0.0350
       506       0.0070          0.0000   0.0350
       507       0.0060          0.0000   0.0340
       508       0.0060          0.0000   0.0340
       509       0.0040          0.0000   0.0320
       510       0.0040          0.0000   0.0320
       511       0.0030          0.0000   0.0310
       512       0.0020          0.0000   0.0300
       513       0.0010          0.0000   0.0290
       514       0.0010          0.0000   0.0290
       515       0.0010          0.0000   0.0290
       516       0.0010          0.0000   0.0290
